91.2875
91.175
91.0625
90.95
90.8375
90.725
90.5
90.3875
90.275
90.275
90.1625
90.05
90.05
89.9375
89.9375
89.825
89.825
89.7125
89.6
89.6
89.4875
89.375
89.375
89.375
89.2625
89.15
89.15
89.0375
88.925
88.925
88.8125
88.7
88.7
88.5875
88.475
88.3625
88.25
88.3625
88.25
88.1375
88.1375
88.025
87.9125
87.9125
87.8
87.8
87.8
87.6875
87.575
87.575
87.4625
87.35
87.35
87.35
87.2375
87.125
87.125
87.0125
86.9
86.7875
86.7875
86.675
86.675
86.5625
86.5625
86.45
86.45
86.45
86.3375
86.225
86.225
86.225
86.1125
86.0
86.0
85.8875
85.8875
85.775
85.775
85.6625
85.6625
85.55
85.55
85.55
85.4375
85.325
85.325
85.325
85.2125
85.2125
85.2125
85.1
84.9875
84.875
84.875
84.7625
84.7625
84.7625
84.7625
84.5375
84.5375
84.5375
84.425
84.425
84.3125
84.3125
84.2
84.2
84.2
84.2
83.975
83.975
84.0875
83.975
83.8625
83.75
83.75
83.75
83.6375
83.6375
83.525
83.525
83.4125
83.4125
83.3
83.3
83.3
83.3
83.1875
83.1875
83.075
82.9625
82.9625
82.85
82.85
82.85
82.85
82.7375
82.625
82.625
82.5125
82.5125
82.5125
82.5125
82.5125
82.4
82.4
82.2875
82.2875
82.2875
82.175
82.175
82.0625
81.95
82.0625
81.95
81.8375
81.8375
81.725
81.725
81.725
81.725
81.6125
81.5
81.5
81.5
81.3875
81.3875
81.3875
81.275
81.275
81.1625
81.275
81.1625
81.1625
81.05
81.05
80.9375
80.825
80.9375
80.825
80.9375
80.7125
80.7125
80.6
80.6
80.6
80.6
80.4875
80.4875
80.375
80.375
80.375
80.375
80.2625
80.375
80.2625
80.2625
80.15
80.15
80.15
80.15
79.925
80.0375
79.925
79.8125
79.8125
79.8125
79.7
79.8125
79.7
79.7
79.7
79.5875
79.5875
79.475
79.475
79.475
79.475
79.3625
79.3625
79.3625
79.25
79.1375
79.25
79.1375
79.1375
79.025
79.025
79.025
78.9125
78.9125
78.9125
78.9125
78.8
78.8
78.8
78.6875
78.8
78.6875
78.6875
78.575
78.575
78.4625
78.4625
78.4625
78.35
78.35
78.35
78.35
78.2375
78.2375
78.2375
78.125
78.125
78.125
78.125
78.0125
78.0125
78.0125
77.9
77.9
77.9
77.9
77.7875
77.9
77.7875
77.675
77.675
77.675
77.675
77.675
77.5625
77.5625
77.5625
77.5625
77.45
77.3375
77.3375
77.225
77.3375
77.225
77.1125
77.225
77.225
77.225
77.0
77.0
77.0
77.0
77.0
76.8875
76.8875
76.8875
76.8875
76.775
76.775
76.775
76.6625
76.6625
76.6625
76.6625
76.6625
76.55
76.55
76.55
76.4375
76.4375
76.4375
76.4375
76.4375
76.4375
76.4375
76.4375
76.325
76.325
76.325
76.2125
76.2125
76.2125
76.2125
76.1
76.1
75.9875
75.9875
75.9875
75.9875
75.9875
75.875
75.9875
75.875
75.9875
75.875
75.875
75.875
75.7625
75.65
75.7625
75.7625
75.65
75.65
75.65
75.65
75.65
75.65
75.5375
75.425
75.5375
75.425
75.425
75.425
75.5375
75.425
75.3125
75.3125
75.3125
75.3125
75.2
75.2
75.2
75.2
75.0875
75.0875
75.0875
75.0875
75.0875
75.0875
74.975
74.975
74.975
74.975
74.975
74.8625
74.8625
74.8625
74.8625
74.8625
74.75
74.75
74.75
74.75
74.75
74.75
74.75
74.6375
74.6375
74.6375
74.6375
74.6375
74.525
74.525
74.525
74.525
74.525
74.525
74.4125
74.4125
74.4125
74.4125
74.4125
74.4125
74.4125
74.3
74.3
74.1875
74.1875
74.1875
74.1875
74.1875
74.1875
74.1875
74.1875
74.075
74.075
74.075
74.075
73.9625
73.9625
73.9625
73.9625
73.9625
73.9625
73.9625
73.85
73.85
73.7375
73.85
73.85
73.7375
73.7375
73.7375
73.7375
73.625
73.7375
73.7375
73.625
73.625
73.625
73.625
73.5125
73.5125
73.5125
73.625
73.5125
73.4
73.4
73.4
73.4
73.4
73.4
73.4
73.2875
73.2875
73.2875
73.175
73.2875
73.2875
73.175
73.175
73.175
73.2875
73.175
73.175
73.175
73.0625
73.0625
73.0625
73.0625
73.0625
73.0625
72.95
72.95
72.95
72.95
72.95
72.95
72.95
72.95
72.8375
72.95
