0.412
0.412
0.412
0.412
0.41
0.41
0.41
0.468
0.612
0.762
0.894
1.014
1.126
1.232
1.402
1.46
1.504
1.532
1.546
1.554
1.55
1.544
1.546
1.552
1.564
1.58
1.6
1.626
1.65
1.698
1.716
1.73
1.74
1.746
1.746
1.742
1.726
1.7
1.662
1.608
1.536
1.446
1.34
1.088
0.956
0.828
0.706
0.596
0.502
0.442
0.42
0.414
0.412
0.412
0.41
0.408
0.408
0.41
0.41
0.41
0.41
0.41
0.41
0.408
0.408
0.41
0.412
0.412
0.412
0.41
0.41
0.41
0.412
0.412
0.412
0.412
0.412
0.41
0.41
0.41
0.41
0.412
0.412
0.412
0.412
0.412
0.412
0.412
0.412
0.412
0.412
0.412
0.41
0.41
0.412
0.486
0.636
0.782
0.912
1.03
1.144
1.248
1.412
1.468
1.508
1.534
1.548
1.554
1.548
1.544
1.546
1.554
1.566
1.582
1.604
1.656
1.68
1.702
1.72
1.732
1.742
1.746
1.746
1.744
1.738
1.734
1.732
1.728
1.726
1.726
1.728
1.732
1.736
1.738
1.742
1.746
1.744
1.74
1.722
1.702
1.67
1.622
1.558
1.476
1.378
1.264
1.138
1.006
0.876
0.75
0.634
0.534
0.456
0.426
0.412
0.41
0.408
0.408
0.408
0.408
0.41
0.41
0.41
0.41
0.408
0.408
0.408
0.408
0.41
0.412
0.412
0.41
0.41
0.41
0.41
0.412
0.412
0.412
0.41
0.41
0.41
0.41
0.416
0.504
0.656
0.802
0.928
1.048
1.16
1.262
1.35
1.422
1.478
1.516
1.552
1.556
1.55
1.548
1.55
1.558
1.57
1.588
1.61
1.634
1.66
1.684
1.704
1.722
1.734
1.742
1.748
1.744
1.742
1.734
1.73
1.728
1.726
1.728
1.73
1.732
1.736
1.74
1.742
1.744
1.746
1.744
1.738
1.72
1.696
1.662
1.614
1.548
1.362
1.246
1.118
0.986
0.856
0.732
0.618
0.52
0.45
0.422
0.414
0.412
0.41
0.408
0.408
0.408
0.408
0.41
0.41
0.41
0.408
0.408
0.408
0.408
0.458
0.598
0.75
0.884
1.004
1.12
1.228
1.322
1.4
1.462
1.506
1.536
1.552
1.56
1.558
1.554
1.558
1.568
1.584
1.604
1.628
1.652
1.676
1.698
1.716
1.73
1.74
1.746
1.746
1.744
1.74
1.736
1.732
1.728
1.726
1.728
1.73
1.734
1.738
1.74
1.742
1.744
1.744
1.742
1.74
1.736
1.734
1.73
1.73
1.73
1.732
1.734
1.736
1.738
1.74
1.744
1.744
1.742
1.736
1.716
1.692
1.656
1.604
1.536
1.45
1.346
1.228
1.098
0.966
0.836
0.714
0.602
0.506
0.442
0.412
0.41
0.408
0.406
0.406
0.408
0.408
0.408
0.408
0.408
0.408
0.406
0.406
0.406
0.408
0.474
0.62
0.77
0.9
1.136
1.242
1.334
1.41
1.468
1.51
1.538
1.554
1.56
1.556
1.552
1.554
1.56
1.57
1.586
1.608
1.632
1.656
1.678
1.7
1.732
1.74
1.746
1.744
1.742
1.738
1.734
1.73
1.728
1.726
1.726
1.728
1.73
1.734
1.738
1.74
1.742
1.744
1.744
1.738
1.736
1.732
1.73
1.728
1.73
1.732
1.732
1.736
1.738
1.74
1.742
1.744
1.744
1.742
1.74
1.72
1.696
1.656
1.532
1.442
1.336
1.214
1.084
0.952
0.822
0.698
0.588
0.494
0.438
0.418
0.412
0.41
0.408
0.406
0.406
0.408
0.408
0.408
0.408
0.406
0.406
0.406
0.406
0.412
0.492
0.642
0.788
0.918
1.038
1.152
1.256
1.346
1.418
1.474
1.514
1.54
1.554
1.554
1.55
1.552
1.56
1.57
1.588
1.61
1.634
1.658
1.682
1.702
1.72
1.732
1.742
1.746
1.744
1.748
1.746
1.736
1.734
1.732
1.732
1.732
1.734
1.738
1.74
1.742
1.744
1.746
1.744
1.74
1.722
1.7
1.666
1.618
1.554
1.472
1.37
1.128
0.996
0.864
0.738
0.626
0.526
0.452
0.424
0.414
0.41
0.408
0.406
0.406
0.408
0.408
0.408
0.408
0.408
0.406
0.406
0.408
0.408
0.408
0.41
0.408
0.408
0.408
0.408
0.41
0.41
0.41
0.41
0.408
0.408
0.408
0.408
0.41
0.418
0.668
0.812
0.94
1.06
1.172
1.274
1.362
1.432
1.484
1.522
1.546
1.558
1.56
1.556
1.552
1.554
1.562
1.574
1.592
1.616
1.664
1.686
1.706
1.724
1.736
1.744
1.748
1.746
1.742
1.738
1.734
1.73
1.728
1.726
1.726
1.728
1.73
1.732
1.736
1.74
1.74
1.74
1.734
1.714
1.69
1.654
1.604
1.538
1.454
1.35
1.232
1.104
0.972
0.842
0.718
0.608
0.512
0.446
0.414
0.41
0.408
0.406
0.406
0.408
0.408
0.408
0.408
0.408
0.406
0.406
0.406
0.408
0.408
0.41
0.41
0.408
0.408
0.408
0.41
0.41
0.41
0.41
0.408
0.408
0.408
0.41
0.41
0.41
0.41
0.41
0.41
0.41
0.41
0.41
0.412
0.412
0.412
0.408
0.408
0.41
0.41
0.412
0.474
0.62
0.768
0.9
1.024
1.138
1.244
1.334
1.41
1.468
1.51
1.538
1.552
1.554
1.55
1.552
1.556
1.568
1.586
1.608
1.632
1.656
1.68
1.702
1.72
1.734
1.742
1.748
1.748
1.746
1.74
1.736
1.732
1.728
1.728
1.728
1.73
1.732
1.736
1.738
1.74
1.742
1.742
1.74
1.736
1.732
1.73
1.728
1.728
1.728
1.73
1.734
1.736
1.738
1.74
1.742
1.742
1.74
1.732
1.71
1.684
1.648
1.594
1.524
1.436
1.328
1.208
1.078
0.946
0.818
0.696
0.494
0.438
0.418
0.412
0.408
0.406
0.406
0.408
0.408
0.408
0.408
0.408
0.406
0.406
0.406
0.408
0.408
0.408
0.41
0.408
0.408
0.41
0.41
0.41
0.41
0.41
0.408
0.408
0.408
0.408
0.41
0.41
0.44
0.568
0.72
0.856
0.982
1.208
1.304
1.384
1.448
1.496
1.528
1.546
1.556
1.554
1.55
1.548
1.552
1.562
1.578
1.598
1.622
1.648
1.672
1.694
1.714
1.74
1.746
1.748
1.744
1.722
1.7
1.664
1.618
1.552
1.468
1.366
1.248
1.12
0.988
0.856
0.734
0.622
0.524
0.454
0.414
0.41
0.408
0.408
0.408
0.408
0.41
0.41
0.408
0.408
0.406
0.408
0.408
0.41
0.408
0.41
0.41
0.408
0.41
0.41
0.41
0.412
0.41
0.41
0.408
0.408
0.41
0.41
0.41
0.418
0.512
0.664
0.808
0.936
1.056
1.168
1.268
1.356
1.426
1.516
1.54
1.552
1.554
1.55
1.546
1.548
1.556
1.57
1.59
1.612
1.636
1.662
1.684
1.706
1.722
1.734
1.742
1.744
1.75
1.746
1.74
1.738
1.736
1.736
1.736
1.736
1.74
1.742
1.746
1.748
1.75
1.75
1.75
1.744
1.724
1.7
1.666
1.55
1.464
1.36
1.242
1.114
0.98
0.85
0.726
0.614
0.516
0.448
0.422
0.414
0.41
0.408
0.408
0.408
0.408
0.41
0.408
0.406
0.406
0.408
0.408
0.41
0.408
0.41
0.408
0.408
0.408
0.41
0.41
0.41
0.41
0.41
0.408
0.408
0.408
0.41
0.41
0.41
0.41
0.41
0.41
0.41
0.41
0.412
0.412
0.412
0.41
0.41
0.41
0.41
0.412
0.412
0.412
0.47
0.614
0.896
1.018
1.132
1.236
1.328
1.402
1.462
1.504
1.532
1.546
1.552
1.548
1.544
1.544
