1.744
1.744
1.746
1.75
1.75
1.75
1.748
1.746
1.744
1.748
1.75
1.75
1.75
1.746
1.744
1.744
1.746
1.748
1.75
1.75
1.748
1.746
1.744
1.744
1.746
1.748
1.75
1.75
1.748
1.744
1.744
1.748
1.75
1.75
1.75
1.748
1.744
1.744
1.746
1.748
1.75
1.75
1.748
1.746
1.744
1.744
1.746
1.748
1.75
1.748
1.746
1.744
1.744
1.746
1.748
1.75
1.75
1.748
1.744
1.744
1.744
1.748
1.75
1.75
1.75
1.746
1.744
1.746
1.748
1.75
1.75
1.748
1.746
1.744
1.744
1.746
1.748
1.75
1.75
1.748
1.746
1.744
1.744
1.75
1.75
1.75
1.748
1.744
1.744
1.746
1.748
1.75
1.75
1.75
1.746
1.744
1.744
1.746
1.748
1.75
1.748
1.746
1.744
1.744
1.746
1.75
1.75
1.75
1.748
1.746
1.744
1.746
1.748
1.75
1.75
1.75
1.746
1.744
1.746
1.748
1.75
1.75
1.75
1.746
1.744
1.744
1.746
1.748
1.75
1.75
1.748
1.746
1.744
1.744
1.75
1.75
1.75
1.748
1.744
1.744
1.746
1.748
1.75
1.75
1.748
1.746
1.744
1.744
1.746
1.748
1.75
1.748
1.746
1.744
1.744
1.746
1.748
1.75
1.75
1.748
1.744
1.744
1.746
1.748
1.75
1.75
1.75
1.746
1.744
1.746
1.748
1.75
1.75
1.748
1.746
1.744
1.744
1.746
1.748
1.75
1.75
1.748
1.746
1.744
1.744
1.75
1.75
1.75
1.746
1.744
1.744
1.746
1.748
1.75
1.75
1.748
1.746
1.744
1.744
1.746
1.748
1.75
1.75
1.744
1.744
1.744
1.746
1.748
1.75
1.75
1.748
1.744
1.744
1.744
1.748
1.75
1.75
1.748
1.746
1.744
1.744
1.746
1.748
1.75
1.75
1.746
1.744
1.744
1.746
1.748
1.75
1.75
1.746
1.744
1.744
1.744
1.748
1.75
1.75
1.75
1.746
1.744
1.744
1.744
1.748
1.75
1.75
1.746
1.744
1.744
1.746
1.748
1.75
1.75
1.748
1.746
1.744
1.744
1.746
1.748
1.75
1.748
1.746
1.744
1.744
1.744
1.748
1.75
1.75
1.746
1.744
1.744
1.744
1.748
1.75
1.75
1.748
1.746
1.744
1.744
1.746
1.748
1.75
1.75
1.748
1.744
1.744
1.744
1.746
1.748
1.748
1.746
1.744
1.744
1.744
1.748
1.75
1.75
1.748
1.746
1.744
1.744
1.746
1.748
1.75
1.75
1.748
1.744
1.744
1.744
1.746
1.75
1.75
1.746
1.744
1.744
1.744
1.746
1.748
1.75
1.748
1.746
1.744
1.744
1.746
1.748
1.75
1.75
1.748
1.746
1.744
1.744
1.746
1.75
1.75
1.746
1.744
1.744
1.744
1.746
1.75
1.75
1.75
1.746
1.744
1.744
1.746
1.748
1.75
1.75
1.748
1.746
1.744
1.744
1.746
1.75
1.75
1.748
1.746
1.744
1.744
1.746
1.75
1.75
1.75
1.748
1.746
1.744
1.746
1.748
1.75
1.75
1.75
1.748
1.744
1.744
1.748
1.75
1.75
1.748
1.746
1.744
1.746
1.748
1.75
1.752
1.75
1.748
1.746
1.744
1.746
1.748
1.75
1.75
1.75
1.748
1.746
1.744
1.75
1.752
1.752
1.75
1.746
1.746
1.746
1.746
1.75
1.752
1.75
1.748
1.746
1.744
1.746
1.748
1.75
1.752
1.75
1.748
1.746
1.744
1.748
1.75
1.752
1.75
1.748
1.746
1.746
1.746
1.75
1.752
1.752
1.75
1.746
1.746
1.746
1.748
1.75
1.752
1.75
1.748
1.746
1.746
1.748
1.752
1.752
1.75
1.748
1.746
1.746
1.746
1.748
1.752
1.752
1.75
1.748
1.746
1.746
1.748
1.75
1.752
1.752
1.75
1.746
1.746
1.748
1.75
1.752
1.75
1.748
1.746
1.746
1.746
1.75
1.752
1.752
1.75
1.748
1.746
1.746
1.748
1.75
1.752
1.752
1.75
1.746
1.746
1.748
1.75
1.752
1.752
1.748
1.746
1.746
1.746
1.748
1.75
1.752
1.75
1.748
1.746
1.746
1.746
1.75
1.752
1.752
1.75
1.748
1.746
1.748
1.75
1.752
1.752
1.748
1.746
1.746
1.746
1.748
1.752
1.752
1.752
1.748
1.746
1.746
1.746
1.748
1.752
1.752
1.75
1.748
1.746
1.748
1.75
1.752
1.752
1.75
1.748
1.746
1.746
1.748
1.75
1.752
1.75
1.748
1.746
1.744
1.746
1.748
1.75
1.752
1.75
1.748
1.746
1.746
1.75
1.75
1.752
1.75
1.746
1.746
1.746
1.748
1.75
1.752
1.752
1.75
1.746
1.746
1.746
1.748
1.75
1.752
1.75
1.748
1.746
1.746
1.748
1.75
1.752
1.75
1.748
1.746
1.744
1.746
1.75
1.75
1.752
1.748
1.746
1.744
1.746
1.748
1.75
1.752
1.75
1.748
1.746
1.746
1.748
1.75
1.75
1.75
1.748
1.746
1.746
1.746
1.75
1.752
1.752
1.75
1.748
1.746
1.746
1.748
1.75
1.752
1.752
1.75
1.746
1.746
1.748
1.752
1.752
1.752
1.748
1.746
1.746
1.746
1.748
1.752
1.752
1.75
1.748
1.746
1.746
1.748
1.75
1.752
1.752
1.75
1.748
1.746
1.748
1.75
1.752
1.752
1.748
1.746
1.746
1.746
1.75
1.752
1.752
1.752
1.748
1.746
1.746
1.748
1.75
1.752
1.752
1.75
1.746
1.746
1.748
1.752
1.752
1.752
1.75
1.748
1.746
1.746
1.748
1.752
1.752
1.752
1.748
1.746
1.746
1.748
1.75
1.752
1.752
1.75
1.746
1.746
1.748
1.75
1.752
1.752
1.75
1.746
1.746
1.746
1.748
1.752
1.752
1.752
1.748
1.746
1.746
1.746
1.748
1.75
1.752
1.75
1.748
1.746
1.746
1.75
1.75
1.752
1.75
1.746
1.746
1.744
1.746
1.748
1.75
1.75
1.748
1.746
1.744
1.744
1.746
1.75
1.75
1.75
1.744
1.742
1.744
1.746
1.748
1.748
1.746
1.744
1.742
1.742
1.744
1.746
1.748
1.748
1.746
1.742
1.74
1.742
1.744
1.746
1.746
1.746
1.742
1.74
1.74
1.742
1.744
1.746
1.744
1.74
1.738
1.738
1.738
1.742
1.742
1.742
1.74
1.738
1.736
1.736
1.738
1.74
1.742
1.74
1.738
1.734
1.734
1.736
1.738
1.74
1.738
1.734
1.732
1.732
1.734
1.736
1.736
1.738
1.736
1.732
1.73
1.73
1.73
1.734
1.734
1.734
1.732
1.728
1.728
1.73
1.732
1.732
1.73
1.726
1.722
1.718
1.716
1.716
1.714
1.71
1.702
1.694
1.684
1.676
1.668
1.658
1.65
1.636
1.62
1.604
1.574
1.56
1.546
1.532
1.516
1.5
1.484
1.47
1.46
1.45
1.444
1.438
1.432
1.426
1.422
1.42
1.42
1.422
1.422
1.422
1.42
1.416
1.408
1.406
1.402
1.398
1.39
1.382
1.372
1.362
1.354
1.344
1.336
1.328
1.318
1.31
1.3
1.294
1.29
1.286
1.284
1.282
1.28
1.276
1.274
1.274
1.278
1.28
1.282
1.284
1.284
1.286
1.29
1.294
1.298
1.304
1.306
1.31
1.312
1.314
1.32
1.326
1.334
1.342
1.35
1.36
1.368
1.396
1.412
1.43
1.446
1.462
1.478
1.494
1.51
1.528
1.548
1.564
1.58
1.592
1.604
1.614
1.626
1.638
1.648
1.656
1.66
1.662
1.662
1.666
1.668
1.67
1.67
1.668
1.664
1.66
1.66
1.66
1.662
1.662
1.662
1.66
1.656
