1.952
1.954
1.954
1.954
1.954
1.952
1.952
1.952
1.954
1.954
1.954
1.956
1.952
1.952
1.952
1.952
1.954
1.954
1.954
1.954
1.952
1.95
1.952
1.954
1.954
1.956
1.954
1.952
1.952
1.95
1.952
1.954
1.954
1.954
1.952
1.95
1.95
1.95
1.954
1.954
1.954
1.952
1.952
1.952
1.952
1.954
1.954
1.954
1.954
1.95
1.95
1.95
1.952
1.954
1.954
1.956
1.952
1.952
1.95
1.954
1.954
1.954
1.956
1.952
1.95
1.952
1.952
1.954
1.954
1.954
1.954
1.952
1.952
1.952
1.956
1.954
1.954
1.954
1.95
1.952
1.95
1.954
1.954
1.954
1.956
1.954
1.952
1.952
1.952
1.954
1.954
1.956
1.952
1.952
1.952
1.952
1.956
1.956
1.956
1.956
1.954
1.954
1.952
1.954
1.956
1.956
1.956
1.952
1.952
1.952
1.956
1.956
1.956
1.956
1.954
1.954
1.954
1.954
1.956
1.956
1.956
1.956
1.954
1.954
1.954
1.956
1.956
1.958
1.956
1.954
1.954
1.954
1.956
1.956
1.958
1.958
1.956
1.954
1.954
1.956
1.958
1.958
1.958
1.956
1.954
1.954
1.954
1.958
1.958
1.958
1.958
1.954
1.954
1.954
1.958
1.958
1.958
1.956
1.956
1.956
1.956
1.956
1.958
1.958
1.958
1.956
1.954
1.956
1.956
1.958
1.958
1.958
1.956
1.956
1.956
1.956
1.958
1.958
1.958
1.956
1.954
1.956
1.954
1.956
1.96
1.958
1.956
1.956
1.956
1.956
1.958
1.958
1.958
1.958
1.956
1.954
1.956
1.956
1.958
1.958
1.96
1.958
1.956
1.956
1.956
1.96
1.96
1.96
1.958
1.956
1.956
1.956
1.958
1.96
1.96
1.96
1.956
1.956
1.956
1.96
1.96
1.96
1.958
1.956
1.956
1.956
1.958
1.96
1.96
1.96
1.958
1.956
1.956
1.956
1.958
1.96
1.96
1.958
1.956
1.956
1.956
1.958
1.96
1.96
1.96
1.958
1.956
1.956
1.958
1.96
1.96
1.96
1.96
1.956
1.956
1.956
1.96
1.96
1.96
1.958
1.956
1.958
1.956
1.958
1.96
1.96
1.96
1.956
1.956
1.956
1.958
1.96
1.96
1.96
1.96
1.958
1.958
1.958
1.96
1.96
1.96
1.958
1.956
1.956
1.956
1.958
1.96
1.96
1.96
1.958
1.956
1.958
1.958
1.96
1.96
1.96
1.96
1.956
1.956
1.958
1.96
1.96
1.96
1.96
1.958
1.958
1.956
1.958
1.96
1.96
1.96
1.958
1.956
1.956
1.956
1.958
1.96
1.96
1.958
1.956
1.956
1.958
1.96
1.96
1.96
1.96
1.956
1.956
1.956
1.958
1.96
1.96
1.96
1.958
1.956
1.958
1.958
1.96
1.96
1.96
1.958
1.956
1.956
1.956
1.958
1.96
1.96
1.96
1.956
1.956
1.956
1.958
1.96
1.96
1.958
1.956
1.956
1.956
1.956
1.96
1.958
1.958
1.958
1.956
1.956
1.956
1.958
1.958
1.958
1.958
1.956
1.954
1.954
1.954
1.956
1.958
1.958
1.954
1.954
1.954
1.956
1.958
1.956
1.956
1.956
1.952
1.954
1.954
1.954
1.956
1.956
1.956
1.954
1.952
1.952
1.956
1.956
1.956
1.956
1.952
1.95
1.952
1.952
1.954
1.954
1.954
1.954
1.952
1.952
1.952
1.952
1.954
1.954
1.954
1.95
1.95
1.95
1.952
1.954
1.954
1.954
1.95
1.948
1.95
1.95
1.952
1.952
1.952
1.95
1.948
1.946
1.948
1.948
1.95
1.95
1.948
1.946
1.946
1.946
1.948
1.948
1.948
1.948
1.946
1.944
1.944
1.944
1.946
1.948
1.946
1.946
1.944
1.942
1.944
1.946
1.946
1.944
1.944
1.94
1.94
1.94
1.942
1.944
1.944
1.944
1.942
1.94
1.94
1.94
1.942
1.944
1.942
1.94
1.938
1.938
1.94
1.942
1.942
1.942
1.942
1.938
1.938
1.938
1.94
1.942
1.94
1.94
1.938
1.936
1.936
1.936
1.938
1.94
1.94
1.938
1.936
1.936
1.936
1.938
1.94
1.938
1.938
1.934
1.934
1.936
1.936
1.938
1.938
1.938
1.938
1.934
1.934
1.934
1.936
1.936
1.936
1.934
1.932
1.932
1.932
1.934
1.936
1.936
1.934
1.932
1.932
1.932
1.932
1.934
1.934
1.932
1.932
1.928
1.928
1.93
1.932
1.932
1.93
1.93
1.928
1.928
1.926
1.928
1.93
1.928
1.928
1.926
1.924
1.924
1.924
1.926
1.926
1.924
1.922
1.92
1.92
1.922
1.922
1.922
1.922
1.92
1.918
1.916
1.918
1.918
1.92
1.918
1.918
1.916
1.914
1.914
1.914
1.914
1.914
1.912
1.91
1.908
1.908
1.908
1.91
1.91
1.908
1.908
1.904
1.904
1.904
1.904
1.906
1.902
1.902
1.898
1.898
1.898
1.898
1.9
1.898
1.898
1.896
1.892
1.894
1.892
1.894
1.894
1.892
1.892
1.888
1.886
1.886
1.888
1.886
1.886
1.884
1.88
1.88
1.878
1.878
1.88
1.878
1.876
1.872
1.87
1.87
1.868
1.868
1.868
1.866
1.864
1.858
1.858
1.856
1.856
1.856
1.852
1.85
1.846
1.844
1.844
1.842
1.844
1.842
1.84
1.836
1.832
1.832
1.83
1.83
1.83
1.826
1.822
1.818
1.818
1.816
1.816
1.816
1.812
1.81
1.806
1.804
1.802
1.8
1.8
1.798
1.794
1.792
1.788
1.784
1.784
1.782
1.778
1.776
1.772
1.766
1.766
1.762
1.76
1.76
1.756
1.752
1.748
1.742
1.742
1.738
1.736
1.736
1.73
1.728
1.722
1.72
1.714
1.714
1.71
1.706
1.704
1.698
1.696
1.694
1.692
1.692
1.688
1.686
1.682
1.678
1.678
1.674
1.674
1.672
1.67
1.668
1.66
1.658
1.656
1.656
1.654
1.652
1.65
1.644
1.642
1.642
1.64
1.64
1.636
1.634
1.632
1.626
1.626
1.624
1.622
1.624
1.62
1.618
1.614
1.616
1.614
1.614
1.614
1.612
1.614
1.61
1.61
1.612
1.612
1.614
1.614
1.614
1.616
1.614
1.616
1.618
1.618
1.624
1.624
1.624
1.624
1.626
1.628
1.632
1.636
1.636
1.638
1.636
1.636
1.64
1.64
1.644
1.646
1.646
1.648
1.646
1.648
1.65
1.652
1.656
1.658
1.66
1.658
1.662
1.664
1.666
1.67
1.672
1.674
1.674
1.674
1.678
1.68
1.684
1.69
1.69
1.694
1.694
1.696
1.704
1.71
1.712
1.714
1.716
1.718
1.72
1.724
1.728
1.732
1.734
1.736
1.738
1.738
1.742
1.744
1.748
1.752
1.754
1.756
1.758
1.762
1.766
1.77
1.772
1.774
1.776
1.776
1.78
1.782
1.784
1.79
1.79
1.792
1.794
1.794
1.798
1.8
1.804
1.808
1.812
1.812
1.812
1.816
1.818
1.82
1.824
1.824
1.826
1.826
1.826
1.83
1.832
1.836
1.836
1.838
1.838
1.836
1.838
1.84
1.842
1.844
1.844
1.842
1.842
1.844
1.844
1.846
1.85
1.85
1.85
1.848
1.848
1.85
1.852
1.854
1.856
1.856
1.856
1.854
1.856
1.86
1.862
1.862
1.864
1.864
1.864
1.864
1.866
1.868
1.872
1.872
1.872
1.872
1.872
1.874
1.876
1.878
1.882
1.882
1.882
1.884
1.886
1.888
1.89
1.89
1.892
1.892
1.89
1.892
1.894
1.896
1.9
1.9
1.9
1.902
1.9
1.902
1.904
1.906
1.908
1.908
1.908
1.908
1.91
1.912
1.914
1.916
1.916
